0.0
1.24808894674
1.36003875868
1.38440247573
1.4472976889
1.41566230506
1.4856337225
1.48273124717
1.48915346131
1.53874733199
1.53158336103
1.57151874992
1.54836354654
1.58649851517
1.60835798008
1.53076660465
1.14984569703
1.34329859286
1.36773043378
1.42466086476
1.44259477534
1.41083050369
1.43591902707
1.47459223497
1.53351508708
1.59491068244
1.59635284877
1.61729560223
1.60053617608
1.6397701067
1.54581204913
1.17302932659
1.36206824805
1.40859604079
1.46288943287
1.42977075153
1.41197903626
1.44794925937
1.52355453114
1.54373604743
1.52918175481
1.65956884568
1.59908837763
1.62656177683
1.68597303152
1.63670281449
1.17606210075
1.42173038461
1.39346686858
1.39804403286
1.46849085184
1.43541165363
1.47276791953
1.48753717312
1.52244062373
1.55202779232
1.5693805527
1.66808685981
1.63482849789
1.71337912293
1.55339309679
1.16182751347
1.35220697086
1.41710969289
1.41743511427
1.444544223
1.4788201432
1.47442879385
1.51727004498
1.57119660183
1.55282376708
1.65245947901
1.61649510729
1.66289777693
1.65054147594
1.55676934734
1.1374938274
1.35445493665
1.36617163469
1.43185397531
1.47680848286
1.48322666837
1.47014818301
1.50541522327
1.54069571137
1.56736641375
1.59414664206
1.62886094743
1.63867074705
1.6597742504
1.59336274374
1.15993382811
1.39033345037
1.4345893603
1.43083646187
1.44944658101
1.45534814762
1.46523558923
1.53787712368
1.62576939621
1.618467435
1.58893691033
1.56527559584
1.62197697317
1.63621484255
1.63802295874
1.16671702099
1.46844019826
1.42803071536
1.45730947895
1.48762380469
1.52242459706
1.52020422889
1.51462196181
1.62828861761
1.58577451852
1.6581693242
1.65549840912
1.59840349941
1.65138634368
1.59282788656
1.0116402705
1.17504539892
1.20915676515
1.21881419988
1.25692237513
1.25717332976
1.29283972998
1.25973525227
1.34803294054
1.32437508
1.35463241151
0.689908714447
0.659530803544
0.377809311876
0.269644936172
1.12775487676
1.32784031032
1.37628405514
1.4179858213
1.43955893851
1.46537392254
1.46540163293
1.4636044839
1.53819966074
1.52964498876
1.57546246024
1.5831325584
1.60961796755
1.67708210457
1.29664903034
1.03220171646
1.24954257226
1.22701813592
1.27261488959
1.29819109618
1.31609394905
1.33018081759
1.39649412104
1.39581734554
1.40998189538
1.38630703224
1.4489807886
1.53544390101
1.59539662695
1.57020930341
1.14257512319
1.37565289041
1.36641104057
1.39912446178
1.43544353547
1.50131676426
1.50264866074
1.49217831809
1.52463607882
1.54034901073
1.58439352161
1.62373713715
1.45675992431
1.47916165938
1.47721153155
1.00611376384
1.20540874852
1.19942532581
1.24112488245
1.24454506462
1.27627897755
1.29291932388
1.34141266929
1.37965345404
1.3787552542
1.47181901398
1.58904350272
1.60736592692
1.59282556016
1.58511130913
1.12889189878
1.34599138308
1.36339241179
1.46736660924
1.47098325872
1.44774652268
1.49835723302
1.46220611113
1.52265281721
1.52088459964
1.3472330408
1.41866971753
1.42520546802
1.4171473128
1.42829492419
1.15160563982
1.3094060555
1.39411568687
1.38251884763
1.38402788307
1.46024479918
1.45881965558
1.50339341503
1.50755858734
1.5454550797
1.5539959105
1.56170002034
1.56916584684
1.59047208492
1.55587769329
1.21147796952
1.28544715821
1.31928585651
1.36041256426
1.3919386981
1.41570821097
1.43471048564
1.50315207229
1.55683257723
1.52773080551
1.56493594401
1.55016875765
1.57862819904
1.62324613861
